4


3
2 -1 0
5 4 2 
0 1 -3
3 6 2


10
2 1 0 0 0 0 0 0 0 0
1 3 2 0 0 0 0 0 0 0
0 1 3 1 0 0 0 0 0 0
0 0 7 2 6 0 0 0 0 0
0 0 0 6 2 1 0 0 0 0
0 0 0 0 3 4 3 0 0 0
0 0 0 0 0 8 1 5 0 0
0 0 0 0 0 0 6 2 7 0
0 0 0 0 0 0 0 5 4 3
0 0 0 0 0 0 0 0 4 5
1 2 6 34 10 1 4 22 25 3


7
6.0 0.0 0.0 0.0 0.0 0.0 0.0 
1.0 4.0 1.0 0.0 0.0 0.0 0.0
0.0 1.0 4.0 1.0 0.0 0.0 0.0
0.0 0.0 1.0 4.0 1.0 0.0 0.0
0.0 0.0 0.0 1.0 4.0 1.0 0.0
0.0 0.0 0.0 0.0 1.0 4.0 1.0
0.0 0.0 0.0 0.0 0.0 0.0 6.0
0.0 1.0 2.0 -6.0 2.0 1.0 0.0



3
3 -1 0
-1 3 -1
0 -1 3
-1 7 7








